10570 
10496 
10315 
10566 
10483 
10377 
10355 
10566 
10414 
10488 
10483 
10290 
10432 
10485 
10565 
10444 
10518 
10656 
10618 
10503 
10435 
10628 
10483 
10629 
10417 
10566 
10475 
10500 
10570 
10617 
10418 
10383 
10606 
10401 
10427 
10468 
10419 
10550 
10628 
10652 
10577 
10517 
10449 
10342 
10506 
10514 
10394 
10552 
10486 
10491 
10569 
10577 
10550 
10535 
10561 
10487 
10537 
10426 
10588 
10448 
10520 
10430 
10414 
10565 
10374 
10829 
10485 
10639 
10375 
10663 
10322 
10422 
10417 
10568 
10467 
10481 
10578 
10578 
10383 
10363 
10400 
10548 
10403 
10387 
10463 
10471 
10572 
10475 
10280 
10407 
10528 
10483 
10392 
10460 
10358 
10514 
10273 
10471 
10464 
10352 
